1
23158417847463239084714197001737581570567512855814980876521032628303632299365
92633671389852956338856788006950326282270051423259923506084130513214529376596
23158417847463239084714197001737581570567512855814980876521032628303650021389
40000903554709231146324522093910368167343885841862239695809056357986241699141
68894478173174338217535338415827476208365422257581244049587648792972775007631
51035635569801432841862321292230469730749095729272512715342603004696999152013
77518992406022716911153039368198713482921599459057167962224642142581925848429
98209114934320595090286412865048903914306367997951429881446032996712517809844
89599120085702600872583893227412298352333618704222133860877671962854355009581
83689730703936119175105098130417191330878460251443442808449126485292547283676
857445954967157019542122206855168
46316835694926478169428394003475163141135365603206510734084611753850061986330
46316835694926478169428394003475163141587421400016655520671453086770588817946
69475253542389717254142591005212748540779645072420991844701692387287096764199
69475253542389717254142591005212830949178241592557703213988834938427050436391
92633671389852956338856788007070455085924365405335417611135846061216410121268
69475253542389717254142591069922126946826336912111100550753873075257422260007
23158417847463239084714381552895716143640391843697372112611875496593968729357
23158417847463239085043805370165929078729385213765728534766395394844497153293
46316835694926478362359158990201237918550979232134257712661071271860159388186
129263612541106470100868688858737878292944734030219439509602304
3619381151150981162824323288044660592202452552846144306268864512
5392877915214961932608241699186544282381654303740755016340608122880
1323951528185273154455323337150296621324696131568355356511619294167040
9302083437029729183203101766817984061427315020399264734850637160817623040
1643637699482122582632061112189055966332200358387070081844912583546209566720
37656796847735331325135962229378061431134995961417367941199925117706618926584
112962857855331524252685015364089544591462971597586357037360988279714193369779
17705712638235415000750588800657914746272701469264130591295520970949094554973
85560250787835540333908440141654560302613678460034836255753272136241550778104
106358413016527174351615641855233763470893685248167434421307243476371581403882
77384948303034603477432279159512010278872991899789728632000644299777311025381
71465967053904199631539307615595919722327079633648067956107492789869942447381
111587570364512190529308811120994594224309593350058146452614361490711995590433
24970876387688696063415190450652838708405841151846843001388704267268502978219
49595937471668244781458679297070206804314160753355127801362299151130572891740
78916501295500577803211848512388524680179997641807046723439686934164894839438
22007331381107243993387301344424102443490945634139035589435395994137322698917
74615667177566316522399041507709253250565010191723057191415909166286336622578
102423550206800850732579269955654277134505949733241557626070872819310914563572
100778131473393298004080028897575570851717437285804950469285683597972603791470
100844423252942510492164503935513418269822136737700544153170584338468199104088
8922386448955926331164948038850039167267356335353592301843642017860809821444
55155465997654516379211733501468065883154389944423125201413913894939456882275
27609442997805867657561872396913689240581123398146631318414403005138366872177
24233833743125871072566832202337734681096317234581478235466344262727424458407
18413041176212894982713173933325492798073670792725539530377796232303253235517
84521343508058159103072103985395926964941569604311843269349233543940352580332
53328829368744942696674948464086203863677795977996814752576460807457872419703
70460137711211399189600729981006259586929115216616259640024301748256354117051
88324362252424323518597817473855407918169572252529896141988327820537876771774
20057526724992429844009655253941524613627764009202916348343799967256123949245
13790333752501174636303811256866907024088921884672736013460991818203714256005
104327849606630521027418556897922440385395666010476387366856184835708931338552
12842760278507007428401408308766750863067903497780027888698116088380674555867
42199825908047025388758813309193113876850613592164187485041284001097719751026
38461582705227288984124451064892950011216102694333600727608275891193469178045
82014110074100342196567362277782959461605396635391660431589652800218256179125
60608514830714196026832541566552309199597672542653034177000969805756935622671
75273890384643021621302365933435458878382333640164608923353521450871489219856
90592504788797403899886895038668222115363669597163424270922517043282584263587
78453244377080712051907700574717422386854175886584445604088248688871771667159
102217776865704436474455911172160208670553510825658471731820856412061804546249
19100178544293210157343258864337793693835324477765021853548831598902001541714
22052797479376439423450668632533099609617355716847014119375891474760659309078
3407221775944747795718900390084421692700184171502391080691456396682174361318
15178970303130650478152820931628148040892965694194942788992101611325934369047
63237736324934567463914500115724996851456179827122378735123659177869668197645
89555362166741506051132816673752772002743181640848465993358536710420691542743
19807563878676390518055047195532607589323721208800424992634376216758856761690
30678930244126385650082420218795553933441364215732405174258798347520375262168
106446144391351023726038298691171132237903787563724329451550573056815351004868
2135836518528378834446968028649921910182701870103787007392394583551335105053
99401196099142752616095782789545661325006596848683787685431055929153983565519
37355145830669608113260339544505351217194688944135304283794093949666617520953
41132442363174634782970692086983953535396594663630232370197135827604085427387
36274442545213005853555331172302153810865100826687911055584284951037332533052
104805143353296317013711035228215609060780198427438220603083094670728255952839
115190496250262846250317015945943969505454760466539692525389495769626975600586
59523604491377272898954551644056713142489077766325882770510366709865166215423
13628239666035295768061125871392817726630836607011764424509587103681698471798
36899526680133537112119323669393570904525357468509911379127274906004501620309
19753685887447578399341678625574493621768661195725972106998985586442160499357
79834113412174210181242318900168914674478774617637975508664102400995388724606
27723349198505001592938479427148648112473024311551736226693932066230480477875
83330717889504210067733481172891343465464718082909795582104119543813557808316
3349981145994699736139415885097374035623632458992090473722516654530327642700
17788635808987480457186349902140524029987071672902274297420814015943990148038
46916048735282173139640734515800283268609803230477226739258326916314569245551
24317093545258817934946335678616654747492310964615562621501832459605015952042
16266550596940543680180112880394141827067270348968564609246837607466473565372
47730086859170667759928697908216331737969034869219689376091651426590275430891
72971984078561704159938192668465676951096444368907088805616501377193789402044
521948853950523957197661652614495718254215805770867522673054183814961082537
78414755972931325842811719007878860807266152382158988855058636437973519128258
49132185377392647823214466040972557907984665343568692634700072381913437364551
16171417218659813819994763044350879065690970473626460296654008957399061901014
100645767879541207017030513992258769831112867476829772175118739186647722059089
67931330876451740137475537023520573931419443106137205540981564362914572406739
3079824641354018592793466214129719020666728710395040585325633212809183047195
90840380917887462740873995831373935226544523396419010171804885890637537981198
25024388955234533377771498964866437771434984306642493968896472342114927983709
35190572041963304178320905009702359306209800083865831497848873380388969277857
31235070508825165707467442459613407469615033731082271345937477041392772615417
105983411933657769258205955225647926170232255391279474123452942990723757493548
49291871789025964188143316759280528403501141454421287918805927564692991429079
23952514948125414185775887661700312500066180632797638237085984834517473919732
21036471562271788222459610748286658660177865858144496283994065252217404809367
13884757772923577044177101750988526620229089681699435348843506931182161391748
47815893676613623783281991364374148996737541531234520948627441266030956192049
41750047152734971130849785775983643578744932966881643826474713684303428803145
23144980148405807233381387080013108144664893447796604910380239672587236380535
103639390170263761651944495128015865769473377390875227981906461091744111689719
44493255518631379215173541562514108099398690037418609364513912452344270632436
35565705685984976937227036100243345624728544494117837907018453343040983568060
44204965985813713436583857045298539700290874085418104956690494047287548414241
70574967352976076465529420434969743768698960440804914086116941077122586294826
14382911277980031575337495681015467639952698439010741951181827743725394529950
95614157546921991863652589646243527779111750113684913234051709113875070445139
113031074569844907890185458545617954639917463467179376341266154621077525644754
112203847083735326835694695714097612627022659070243080454183185371877517322922
73580955272592584730005163429074311650019338354350342754211006613450097068018
52151654333533471472374170341949759284906449212044902790663047484019668905188
78405762147200879494318734624285500954751689817554910167550692271493248133759
8127455695074963206201654353672485492296155695536093792094321590625072455319
53133790884719058608345738287044550862106306562657060310356023241711230017153
65062023081538937765821942021435442082586512426062121365552205031038197371494
70657002297280329684727039858707754936596786993838217008114675301909088389817
46953364179732629701693480919637271305494815458007457362873048158659224341277
35757785143951252704194534770709613325436564920398347363802492578786769299050
31841397812532637632681940937802690613142965130376868037728766147612940262649
85992786049495201650297208136580449878500362209296880019320488294421312638860
70138825661463591068775711458105480780332100799129260500352257586073727089892
68054886641436078367384694086815009837074766446071702780991284353016034994396
97824240576313159097910943695436209200547958389377643098548323929044631558288
73849991155428182460648139036681007911470982294402587968205322179609837398732
46726877777679959848512364864336502141236282191568978243640153959586372665685
34196879784727947830815635354026401858125640042324206134385935405309168152326
78098673525802491834565087581447327977725242824549695370353546699137592475585
25485903183564288167607424053947295689878380867530375303847415521746277041352
29796467054500574306612631017213958386926523967199767998389965306317752256735
46586369909021704324920046113075100098095021566054593892897838303927544214816
15182144537764469542453171439334175425021525147250455541382003830215571703615
103106572538335545797915678376005545379843408979288742266468999207132829020085
70777455318456766021538930255681869718150210204165825153214267722327195728760
997939446756983037339015470764035497661919392507699508715555507661351737278
47594579738393083040806683933777305703032278259934633937324180675766949077314
111505819119058745092243353404201891378648166060670220497426332413154426480214
27978278306686015186063330379272768635193635067771924691035389495285790153314
47307030770254061417828493227891666649939731516095316386478085379951962535652
18311551563408230616162896216184132841758267192073779173418817670988249235530
109777613218334785770266325292075344995971575794848211139122682137753764271101
51034043461290970689446168246480741139592667818422811691856009013871751391
36208244133529167561000104177806747777661204897363092250196005161062537066022
9024656586157212031304381482609790411811234399160398082568482005379478219606
18565170732501017245383286223550017617069268740927690344341758993895856289631
6663549342178808777459511430576093548180402537228356893437648240615664475029
99808542662736931011518563751444639746831651877424675779353244048039865229504
36091132001670053852389874275552999072513045282309022587488887970746289654377
7553805397333316207984757227384611212313148632133006890740790984421430145911
84002194310918721807927650051469973060182433488700587235903149894877985977486
9381444622120116248407645000870171793389755894401850912840930990846797124391
96684088483485972679419646616369772008022957905602692404110232152911087427222
14411895351743066610193237335201996372067385012170671578246689677068838081532
42745963149611507528814762629344840955783077052962237429611168877327185030796
61889656893400453134376606075991681220589534004810858406290533786396634741070
58947913694815961346830938261956794985698661170247051183921780023026935974692
38803398284657677956005591227070177269948646003208056593869540393448331344741
3729679852144177404826921974778913305384945596699728407776483656146352183091
109943619328528535709733256130273664732093037712041897170443389908155871664793
11643818299776123569076929101810627486585724862654247533076488432324593247127
43736547145547155536380915588528659354098843112463237948039940100342407158782
76580890556697408088415503474096932583585261563962474892127722589435358381703
37839076315312073971584477311851715323252373512308931392127607886216020755334
37577704959658158514427965362448771171901766838846190549870688053109406569665
5201502557491252970101463372607358231179399659660332398179870869934532505528
96198882911606891473953697055021102940776679389083327617059083119427263226701
84334198554567234232192314462587652891500255517664673259592659136905817027415
91363140603972078651485531578885587363459535593515939506332003636099468234394
39776302123689197539160406586653345445342028727122404092576634858498393659231
45107309086344335114685227443877738151182496927892985390417159556950073941313
73395067808255684735107630918978120744563721648206173612626596780439372049823
72428081925941370582005760177621051139737854378421713709191184610475149744991
41824184975712060129447950248570216989718573763679651095395520887732020468378
11212571815995523926496233284629170681773898736563444011100215280173556766163
37529641402816757032761476868644508524203949791432533733966383279541916640297
2104422603417697076351614256729433822523416221523460788241105428028049239152
95955427408046264480693781724937001719753657830384359574977387413354555231677
65819566933039846407394339377698717153452181195400432233682892489071562295956
97069356601003967477814488048949428955897083724156395455441305794790243674223
39699736627075708284142501548291050768478122559287890541148863014095167078069
40778532969180532492953948344957870677492185051013829024836629682949895438244
93758243412549316690140372550195365764229272035814244329624665736633698192916
5123969364815198491020547935014394745061578456628786356746916901012428989593
7112463439309207553848309215224541292394934228264570169399460803630365121313
12481126735771300328935605920927519789245379830761672881842722675928658227204
102855406592969338586746538767615921660501783322273991200015802613352072743533
41080920230924928129801172504995417746011779608639495060156555374579555623937
33994629260426518389450501749156142473664880827626592072538000974822894665008
98365797476627200689654927959877249133044652787702768165220528088068318859767
49479608430094418633647056425147735046959420885941206726062325543311765042323
22028008372086861781283409000962913616734617281032721655234250288364023945498
20305105520675777314034419240444595044579258789722619575578394406325081227627
95510304743937012305915237239028967425336214257919374237243496567999801512986
7284770293535211127960840514825859754704562658895053092932958170321369739414
105934327667114670286493110639129283219711128694483474278312900612953410207643
78469636971666565482506413097509112656822485639372790077466274986478729668901
85210284687747156159184370622040976485096152505906939433536296705325420071626
106708297169498757925850273291198293619657715139148519140726008227877189773198
78051334608734183456925539600868072231873417927077148008228962113346670360318
109121921693876095767392792860811007575753145129941218556268759817713039353528
20900286442142705209635465613088270270120668302333850873420807493649439426996
113975816566967912761586106683754070742448550924324110380663354604111677796544
37786494464603555398921052919648753416869248299026497475404773670135877689903
74575160526913189280172406355382606492753704339071849207165476532178360648049
36096951548198484761843598420380821689879638231142021582024764293810136294659
148255437445456419074187316471850775077956323319809730017465946381226842423
6602009269513466943389414131129557016867360300250716766401538915491565313615
7590670716795485186777981771408395006372209228189826414398219289495431415752
87045949557138622203312215565863045491908671498292372727890523402082074069204
6141125348189973911311951420560797916955275126883424473803130202504194501568
71070201575060090869997275990534436923275480180593716510762521778487407890954
76424475639813480373982746566699516995085432653753101648975986925991085592832
48165679461156912276461137742602918784739457545394416659966669922962707335220
4098506402373500025572609834650751495792221748150023566544552509387299528986
9733309014030262560764847877999099796161894545510209448484546161923753653788
78385930928379623318867454885133876005346803118064779329486288657666412019016
63822961899059428406493655498338686956183973102811011107748159442698193865211
37539603706834816168633291058374689285266290552691369637087839691494057328269
52734308738563947109631638863313912430053543690374095973218029308171590482163
44652412388530631645097973787263687666876381211088351254049244873192492001280
112969986634229503303367257917524995389478274465717292065681622023302232452883
74797185755470045771504967480120645334082750611334104068846567207635081110667
42669742446022243770439579796186991696019874760896168045789407342534692441462
1350950852213690016603632433216333058438351774950666298928117808207566322622
23173949847663624283023735923128269626456381865940250083701758388651230166572
74846572579411815633941864749191179437020014553763711808705910892763405878016
23819302597243113316984098187657656517116849141956570565292490098666044092288
57088133568106472083193032091840613977954410236736175930041625598049048793904
87602138804153875267784585911307774730728675073861034912567857111328240522584
113483962776340884142485053609305129003316058221648763099880641212683217379441
93187180200712391065833909785163272489113638561113934539437306330010741447478
39156550612074039834659915774842782134895108530279839088054991039031185024942
36132416774655374406902462359488713821543981662544662807245083727781503894083
97005941028727949340549054026170048697427771102232690981645353468577056704732
80989088264042514034012883980850328528999749803643551185218852738869819247748
14409903919611304581623848257306645993230699567022005654111064195437902409074
32780828736673055166740465486336992250178115292448891994061904589497081532865
53273955296473203270068938427448975488924509248777254297570588780727275639740
88137354859395560130851230041282766534952232196006138692192378876314957799483
40267556700470030524478310227538029268030723417335823513665829942458289152227
95710889184591030217672127673763116760665192470068588506823604711549469628524
22546273345779421997208629439729089660373827224265783564205222053458648147360
13635556685405330273245299680343998914476798819523947034530542758263530656138
43340869158358725200294480236690962584270954746616082102300182408294149598569
89569204122257260716426809501737848539730772196502832231914447156491351099368
63626185515521821202259741913700463973397169823306627142400617102404664498048
100268156373790178178478965614000838634168187836712939430205584908856071009187
109560942156049565756229779357625273835494885475220707641821424783628351433263
73877742932589999854879585993076792274046903613335907612147545848064195608812
74479531242110760765769128270078153613777434861047086960314168799615565629439
100947005501146278487260477769405649783976311107947306529666130210105459300907
60867895984632562681316279477061322492369664811580639104814978954285669692144
89047268339945817962750852350378919789851123412301544188047550663250675640248
10880251916950564877771783607628344745684561531920656747632523778852089519587
42210565619693003307126763254397391045046767155726797600774588388811907781782
23726555635266036027984418153851038277136686673746182567735359757305955937419
73748236064841546942196958097551567249308738106154077777789630058571724889427
73436383866082986462562512588097813380621382142279031907943100647368556231892
60403716967119770014610636437924884067399308359423022719033367569942660599816
61561444872143193990637500315881083402701322243038644867974078504658714592464
25480249831856164991571867393132569113114381668830508843224768605008335604438
24713468967818042276193045292915425778174743719291361040433978061003779027858
98190950978497526614790352767800947675153199653839210584530011723953549496122
72433239398657267170273760282994990053460992114720232663367343471103363928963
81758567700469270714265416879661905902294871471370106205581465239231535241638
83486763501255021677936245724529633772302639299238386334145194762874631764249
9069922989466202146775383400951229598490518538271627091989317755736363221392
80152663289265243128944133545928205820212771503071441817202029509850197627921
33476720317086980256649916745892276841044058199822525268101863947504699575516
29077526699241664212915766097710009563688552677243187023544250290193370064437
77946478071956378682866703916208862463988200502718643745262256059971056021377
59515906525741503074731914307868328848336598994865974210966369065192668627612
79058806529426957189813415231594780225951774408101976355630088699052292418470
97163587081417530526293141517716132545933324448384732896192514698079621058808
22863514659247975241164025348399432633639428226666340388168223415518377316667
13636499810655530221712138429137360435647848724850194523946693933478642257315
14651735003720621161791763233477325420974585386816884796775176338236913912222
89311863133748013532292895967686100580831310821141938963563472990377200483303
40335926245528286118958793666700177870964462711693925863746017601256931636435
38528019930654296231018438348556342991644152371449117026693155989494892993910
66834524267032357673894971281023492441013308732990047154203848677457489594866
63098932892821088209083506549705320263339331080609848864426841590299455272738
77787987559410359226783921862419843901370901582356760022034551925329546420905
171918916423628078747137838651837198324677668101680121968568531656963506039
29708151451390988306733375201553562302564483471430350767418476023324380356156
54394836910312760420389689914703696248392638093713182551683279158776674725651
61230636449465063907852063769708212006179723128015080784097196748217619399078
22778306314908099045052167870162344527515863460506662211043862003154935354824
