55066263022277343669578718895168534326250603453777594175500187360389116729240
57948695182384181905842983861666986776925660332582139749159137721243844462058
57881114512973639013256091555343683835519412391714187582490140060816042437469
57877827713677917156288741735641323959440949833482135673572536717220571953800
57896032332854182659468955323547943173538285026051054044111850072011887423244
57910632436087233481765143527306872357792108202741766524898346143674363158092
57884150508414190457999286591920518243159854965324281914728295048407829538859
57967822610582417538228725236619342330303428075422604381026999648437863234602
57897964524731653159094146210322680498802371804991790905271462890577473013223
57913221164093115506830284981011786209404260773948583891912181009000899136378
57911683213031599351081829369617881653139025050510602527921202996146190030269
57894438237031979663804679274666634200667279885934688996944811588312767600849
57925327720050009566138964986273313403570944788495453647358661042610515841814
57959987253674833368010016123575940038922027742489264109469071974451175935926
57885718202166088695533320368929766505134882639986908811939207829120399427818
57897374306204844846732629167606347875450284346642888791524467917918180901746
57831460073434806664097293879527706639171247304420040761292473411420415928083
57917963676806843423423983525647621321052477396291063480256583194195241883366
57925540244698532525939195976827997226251255953013463371295854806148619138675
57858593427389018186632671902624611935632753285717143406339069109999142193307
57900094123394666787382117763146245178445779627315967143571890568352808787827
57909687129182438824019284044735538457671769690565229996392646730148098106648
58082831059129090805845180288051568708404271637900996048106218481225424105985
57884565526833890967969308982676225483473744318057059281401173454568158395270
57910396916851980681023081725082894121372092524350611720827608582262496105862
57894916045820528255807392483465489336105553089374398442427758707624704817594
57893587934470589858572661307736715479671975178887638025365706904127918256211
57695806466669490084826561480383750041225615264335254589279958200612765660077
57899519425804602723602146927583572398197046400980612628649121426233935241893
57901718052195686943326076111336655860266677418555256152240188904531904091611
57908926394094244142324971169296070918037472029509187697314013296891819506436
57896374477560210837337978300752332902991766966998367858705735787324659767420
57878604827655095350835340211054425965452030889546031220368804597064195590726
57908450425550503341678230366153427708033740094224428027420933764147748594340
57903512281211800909518852878920763224548266642918383173301927344143094048914
57887083935330483605797653723429564449830448551514044845234768856319394325823
57893556002963172823625660775987180354792905802722656972433377773551575339211
58005468143139012352112608550524156311449057401188016311022922304857036968192
57873496591518145090732563287626216379796787012739952351154909010164164087103
57894244024774422514647332825043046405322786331344605390629990490603270582087
57865319494913864736696426207925478288753163463066697594546387743180529430645
57855026886201081141232353739361760612960794225706085416101438795570545674904
57901152671435450511400220037370338377467889583918990969312708190640210735526
57961448647298012937491918613770588339333585531112382292607004385234521388843
57890586262646676313128730090653684476202230693101521379454229027487237103666
58000114229292899098770403395711900276771043250693061172721353466005288998959
57937989596353518569062987234942167902674120715398964969286679233232416709888
57903739773294892628113074904098821173348529511377460869214762717203957110396
57889166718056688066630559387948131331871753191752104637590434062358055582567
57848030372670027941028191354798896276063763900630954830015683177534659623178
57835485693191358114463157001028569881673204175182916695697979903908397439466
58012102806148148303008423674263548998652722595885664845365547526780831099300
57879873979520756667968429648683934771211832380083869440616011862420771927850
57942063322324485869524882614420110945083551836897090606409908357788781058106
57897942972077084646133089652790415316118100979245118082576216804135214228550
57840019673503070773361424958684580162377833916097325328355969210452632594546
57866889849461108136663348487322044326572210001655065205694983147139643840725
57827982180225939369762548529123663699820523756390326036979944453685418731206
57858349643641424085389576787824171637461284710418900193276019223469889089577
57962609417190351402469198512427438002265906306518291757282445665765347530629
57926011425989813223524449994287875213694151798087528793938845049990421154463
57764832232419071689514973891823944624946808606728180497110413743382179583194
57889103231895465101073485947202851453726254053171650747317604678087494578357
57796762530107779313041385022773320341052036722078862458421664749706632835621
57915869844163055627968058483999129767308242777014695054023812831483212679947
57857127066948063356432418573412875618622991920220661772164552685952962634346
57936126520670665576847859886298190172910147823228879640696821427405699076648
57834246351074232669769096761162402804133392146725999073301719826740558665774
57926206298603445229177021989487635956755646206394346224062991520290148134520
57898060917406350650119312244052423234874855510982229355609530824533795489345
57818579564612373434321936920454875813593047238315811580420321513378927734251
57894788429029345346109315588645837889068137725237286319135015535331684688838
57896818052514851681196813398335032779524417593247461407231116995750243917823
57838356407858212872699858434053401733743031511702662729081432537026269542900
57910834136942659366840137607743505657494577617402766047985227504664907849488
57857023762523817037470204289280653301472265905576517475744295717301823292866
57907965671960491707411149146526171760838268893065499987457643654376469548074
57913064778994386451445930003063946434369566028203824396085109585236803970727
57885772750668347815186608128300889552767224077134021576101001571308214812308
57907108056946983927229268543181886181557667394310622825661501188525991193839
57830355774029971844143835832133661858404907732570482693664125421446585070246
57978741298285503776019994545424408480409108167463853072177849521599708662439
57890658664788791861780150408288438787977494352159324263792561071116727691216
57910842675778218597088387198597442281518670135718538628085999402173682456763
57910643857195972489133397356802705650200541989533751112009917514941356363855
57912633166314027938713000564440585709469886173064704562087827548183773682512
57886458132193858869586621922277168121236354342463462164501871541701183979009
57932289452251733318857870621491460961231101147150837383117003999745628100278
57831913975646828213990914568448342325560242625619311763796192252753031457209
57852474466737946766476554526454690512421357621062336868934024294343747039719
57913111729609812165592683843957681069469101422437140308560363773735094778708
57922263081754596270970718644003205782078762693021696836074002427277861009700
58037141442788313231485694506821657547356978646697905396116385564830721545472
57923696577858275069471511541785854625657982158220454507356238296822335927927
57871404028003453407274563302457285209299196751521363569516066941238211863196
57909120013621536432961977519433685335741688448571140755395135498435694984371
57881656407728045879219242817562292941325910076583336771061994566699190801310
57868887040415229409433336796457454235010957834316213950822624498534973211081
57895293339324836435109894360082212829302435459922164388975134992989430468854
57897464459427405015338393222226624590167576453330418120145029157950114625629
57889872695940949440661161551203279320847256023085530837076213601745396418108
57902721571788847027168095545897762113776962978069213112399611964774489987368
57909509111466256244928576630028474279329109443445508555653576952756721948304
57924825788326370834217546901602362263403427763033158135935740849829434647880
57899395068209180394139141042122181731472279077817404718992741614212619099655
57882130064530156616440155056561735750196500209136590948807427534126506339476
57937045703419208843497576379082066242378075009376340037165432237910769791680
57762522646972929408365214176372180951758544363762940434349324765717081664932
57943788897316710723548405559681101743416228631791058014265577548068710423878
57904298586870514182756642462898989972181984411756248558637611834245249338210
57883058622296412386937077232802493199125675604201778889855016284009890804680
58041441653565941213241569875052445758632651889477260930532816410671234053404
57877685859721288417725859989631957045732484000739681359725899790654087600777
57872001452735733211555074281149840625441965753201322752011426515813067122744
57896793364154948023501222615230401996623774124241763393633967079409466135065
57631616627445526241682301678180534646425630449369956029381734851525204150795
57893976437776992521271265267534973450388122709407856062116657731298969476712
57903842245665649617674231910067018700453044389598651385906116665766738282612
57891877601119588491960393367985872376329021292036645073745237085983309806544
57859680265058385482685592383464278043084195365015491320107829945554518362881
57895556852237681655471884823528232928551989422641562419391155060901251249533
57895564808360761396108843358909061187772097746540977522702409197674890950759
57885802702310585715757657062356916065299691270812919408132748165512444229649
57941657280538065561130331600931544940035094483433016421301385052836656337665
57971312129624596360904669446333201955431537982307861002261166628998129501473
57896467620140878061082723768595676421965814319466441388520067232979952813681
57896386430062873570729898262954679169741451247718497677977843228111296412408
57916223302007081355241981118846549572980747629142493266949428838843992795286
57896551410891481842907478698221608713130598016002046143524095114969966355011
57919795653383474515024781218622275611475722250047492778852334426992595236835
57859648108996532158236403160719523708026093651200430596374734615828837108368
57888025121453276848721268725801289716367545441711726134529622929049513087771
57888303133875576845783910562318435371422717583655395732195336446675210932492
57852982622914246046846797156014301521108931852148153113140051991850962718908
57894202413856228827811873891154712015163940024312933053663340204073615575317
57923266718579765063215996164353467024807394333851967219362970050989200917958
58083596845506586325997989190766614917906085167897178373456690778705750448217
58009063385371567796357128931051428165147720190354215164090983438815537034441
57878968634730961364079574271752193506266199641079458713959829959845630096948
57892469985372002188805564407435965217101351407289212359231066370740786056766
57902752673668556292733433234878267694523114386042349441097705580318788694570
57918136204465630433583852297995535773018360199579781853914127281758130506837
57846437819744503640939632406215300591076893033246091531989296423357186658923
57883269017225882574847817641760975796651778458889077391541954590839339871948
57944627520430448194843867125080088478474995373844436953487408304531418388241
57901853829463389919010919248313152436698863335130462954973414912661623301684
57902415793914361555526966549318863450979635047139049074836722264131435386079
57895903160587288353442159081900918036954980753766530033901893657077323015596
57896290937451069303948178511033594105776764983628476582515883008306957355943
57875727828182431647432822810200956600781329428228483498155798888802820578674
57914260919035316094568385209176355761042931611282222706822058117665665240036
57871419625282267583070848211803594830379884746792867883508497064221810899931
57883823953675326352569442294572023842629262491483537543379979228307795046467
57867387907703565130267225307502324003230829157857788785919886650410998821250
57902583769724433864043926977665242137014770728095289430890996395729260056842
57902876451958064464490855882390841744645026969565002516678513850949451685699
58011263240986625227656029605220263663765808051885724994375444794060555629053
57891361159007641447892564615431015201586636177522025500289765902566029722947
57876558265655503039220789178455865993829811058769720548790780501104928019994
57902042058714720472139422013030049251610333840002767810949042722048881909457
57905135121033026097249619524134930829070902740305710275229164257128958909578
57956461930280800695149944051495995221653146855397191467165698904443009714240
57862444428789685378813405712672888409120471990824816114245247967689846221580
57868153136771350614298382625433106779214073608928262433596999928992333851767
57961220679606497471691147303218106039112778888658557272066436271543426208843
57934855561529736956086478622475439773581355492750609666263186607971387398460
57898961822640100882205341952033684564118238313668584438746768441074843286923
57918035765934800947795961736816559960323213007192194590773850083767012354521
57873713103751781799412899616389597024356476995787675027355669168665844180271
57900686621569838493092752524614774818957695673182087037484224031655667564659
57910584113136090735753291739510481114044955356376476123414877116382180681564
57899562717312178242378857100716689124699883211889980665281065145764635205899
57891023814107671183070609490759058517371663976662012725386839378729648514027
57941707856541822812994629606922187560090150733442033150470160362252260551144
57932766538119084920100058811807450916803062991501448694347776457922722417515
57895323927024423425180836309398023310780377111840666032285379886699478896228
57900973215896555375784864309230189455005740784977627308650169432493090158557
57920060986789574821986842435937166572000182756464387945451029598254933837730
57872720217563000996082462568083220704552974536193147491780104286531646776756
57756614861963671886391333390333499660083468050949525439760674658691167021650
57922318149984110336847612997532332253478814417722772645796003530176860134784
57898360399800473879840977562283388259561740376630580732763446770893847267190
57734621778198220114307953603517467338792517318067550907788901522489248175698
57763012187706511636558018508872029688894136011875601980371810246595732932955
57870558803582925295245106411414435664852368445586218622334573008719252330481
57856041856075036995236658020899651879487134237446121869222217355995853392049
57899803263130585214591626249277816226457211463510962405937146686773397490790
57893148343434565601333234233972958942412208375642218682268237574134770380169
57772553454536493139819092831710940505172104228481822045360420860132273243483
57877210588494104334228776866593190444535786695818267857116635841726888762542
57891223312720085487419416243571045030097129678348730446714985590319226600235
57894509187886376175010503037404037140722290177775701572670380259902654077941
57868547188013534916145722102231780692395967434481581819709278946092429466067
57907650801069450662602632032749436291104531090456804999587956680678864355006
57887386903859761429033541623577635959535032454397970995352528666527169945139
57893194882670319783446464930985784485337220299316642674739472581375271542678
57848601160307534357361559977566415669460807979571869224878279850672957887636
57877675618357279993841391260943595889675723039264585959099303661827403580021
57888109103036910079711020519627483518201567616250307846979095239558042022469
57883014351743499431336398098248702000285872337269238203495476678202936431822
